{
  "schema": "panda_aperture_geometry_analysis_v1",
  "scene": "centered_reset_diagnostic",
  "samples": 41,
  "finger_geometries": {
    "left_finger": [
      68,
      69,
      70,
      71,
      72,
      73
    ],
    "right_finger": [
      76,
      77,
      78,
      79,
      80,
      81
    ]
  },
  "rows": [
    {
      "aperture_joint_m": 0.04,
      "finger_joint_positions_m": [
        0.04,
        0.04
      ],
      "left": {
        "geom_id": 70,
        "geom_name": "mjtObj.mjOBJ_GEOM:70",
        "body_name": "left_finger",
        "type": 6,
        "size_m": [
          0.003,
          0.002,
          0.003
        ],
        "contype": 1,
        "conaffinity": 1,
        "friction": [
          1.0,
          0.005,
          0.0001
        ],
        "distance_m": -0.010870770306887422,
        "closest_points_world_m": {
          "finger": [
            0.3979851458225921,
            -0.039129229693112576,
            0.5441511457246975
          ],
          "parcel": [
            0.3979851458225921,
            -0.05,
            0.5441511457246974
          ]
        },
        "world_position_m": [
          0.39516666717087473,
          -0.041377824385317764,
          0.5439251183274371
        ],
        "world_axes": [
          [
            0.9963557953509633,
            0.08529436716775464,
            1.7978242070291556e-16
          ],
          [
            0.08529436716775464,
            -0.9963557953509633,
            4.723160047020891e-17
          ],
          [
            1.8315584624200177e-16,
            -3.1725051050451746e-17,
            -0.9999999999999992
          ]
        ],
        "candidate_contact_normal_axis": 1,
        "candidate_contact_normal_world": [
          0.08529436716775464,
          -0.9963557953509633,
          -3.1725051050451746e-17
        ]
      },
      "right": {
        "geom_id": 78,
        "geom_name": "mjtObj.mjOBJ_GEOM:78",
        "body_name": "right_finger",
        "type": 6,
        "size_m": [
          0.003,
          0.002,
          0.003
        ],
        "contype": 1,
        "conaffinity": 1,
        "friction": [
          1.0,
          0.005,
          0.0001
        ],
        "distance_m": -0.01087077030688735,
        "closest_points_world_m": {
          "finger": [
            0.37422354792820545,
            0.03912922969311266,
            0.5475974854002478
          ],
          "parcel": [
            0.37422354792820545,
            0.05000000000000002,
            0.5475974854002478
          ]
        },
        "world_position_m": [
          0.37704202657992275,
          0.04137782438531785,
          0.5439251183274371
        ],
        "world_axes": [
          [
            -0.9963557953509633,
            -0.08529436716775464,
            1.7978242070291556e-16
          ],
          [
            -0.08529436716775464,
            0.9963557953509633,
            4.723160047020891e-17
          ],
          [
            -1.8315584624200177e-16,
            3.1725051050451746e-17,
            -0.9999999999999992
          ]
        ],
        "candidate_contact_normal_axis": 1,
        "candidate_contact_normal_world": [
          -0.08529436716775464,
          0.9963557953509633,
          3.1725051050451746e-17
        ]
      },
      "fingertip_separation_m": 0.08471717653463191,
      "finger_symmetry_m": 7.112366251504909e-17,
      "parcel_center_world_m": [
        0.38610434687539874,
        1.0234567018437912e-17,
        0.5494251183274371
      ],
      "grasp_site_world_m": [
        0.38610434687539874,
        1.0234567018437912e-17,
        0.5494251183274371
      ],
      "parcel_relative_to_grasp_site_m": [
        0.0,
        0.0,
        0.0
      ],
      "parcel_axes_world": [
        [
          1.0,
          0.0,
          0.0
        ],
        [
          0.0,
          1.0,
          0.0
        ],
        [
          0.0,
          0.0,
          1.0
        ]
      ],
      "parcel_face_normals_world": [
        [
          1.0,
          0.0,
          0.0
        ],
        [
          0.0,
          1.0,
          0.0
        ],
        [
          0.0,
          0.0,
          1.0
        ]
      ],
      "parcel_widths_m": [
        0.12,
        0.1,
        0.14
      ]
    },
    {
      "aperture_joint_m": 0.039,
      "finger_joint_positions_m": [
        0.039,
        0.039
      ],
      "left": {
        "geom_id": 70,
        "geom_name": "mjtObj.mjOBJ_GEOM:70",
        "body_name": "left_finger",
        "type": 6,
        "size_m": [
          0.003,
          0.002,
          0.003
        ],
        "contype": 1,
        "conaffinity": 1,
        "friction": [
          1.0,
          0.005,
          0.0001
        ],
        "distance_m": -0.011867126102238383,
        "closest_points_world_m": {
          "finger": [
            0.3978998514554243,
            -0.038132873897761606,
            0.5441511457246972
          ],
          "parcel": [
            0.3978998514554243,
            -0.04999999999999999,
            0.5441511457246972
          ]
        },
        "world_position_m": [
          0.395081372803707,
          -0.0403814685899668,
          0.5439251183274371
        ],
        "world_axes": [
          [
            0.9963557953509633,
            0.08529436716775464,
            1.7978242070291556e-16
          ],
          [
            0.08529436716775464,
            -0.9963557953509633,
            4.723160047020891e-17
          ],
          [
            1.8315584624200177e-16,
            -3.1725051050451746e-17,
            -0.9999999999999992
          ]
        ],
        "candidate_contact_normal_axis": 1,
        "candidate_contact_normal_world": [
          0.08529436716775464,
          -0.9963557953509633,
          -3.1725051050451746e-17
        ]
      },
      "right": {
        "geom_id": 78,
        "geom_name": "mjtObj.mjOBJ_GEOM:78",
        "body_name": "right_finger",
        "type": 6,
        "size_m": [
          0.003,
          0.002,
          0.003
        ],
        "contype": 1,
        "conaffinity": 1,
        "friction": [
          1.0,
          0.005,
          0.0001
        ],
        "distance_m": -0.011867126102238314,
        "closest_points_world_m": {
          "finger": [
            0.3743088422953731,
            0.038132873897761696,
            0.5469251183274371
          ],
          "parcel": [
            0.37430884229537315,
            0.05000000000000001,
            0.5469251183274371
          ]
        },
        "world_position_m": [
          0.3771273209470905,
          0.040381468589966885,
          0.5439251183274371
        ],
        "world_axes": [
          [
            -0.9963557953509633,
            -0.08529436716775464,
            1.7978242070291556e-16
          ],
          [
            -0.08529436716775464,
            0.9963557953509633,
            4.723160047020891e-17
          ],
          [
            -1.8315584624200177e-16,
            3.1725051050451746e-17,
            -0.9999999999999992
          ]
        ],
        "candidate_contact_normal_axis": 1,
        "candidate_contact_normal_world": [
          -0.08529436716775464,
          0.9963557953509633,
          3.1725051050451746e-17
        ]
      },
      "fingertip_separation_m": 0.08273451516749215,
      "finger_symmetry_m": 6.938893903907228e-17,
      "parcel_center_world_m": [
        0.38610434687539874,
        1.0234567018437912e-17,
        0.5494251183274371
      ],
      "grasp_site_world_m": [
        0.38610434687539874,
        1.0234567018437912e-17,
        0.5494251183274371
      ],
      "parcel_relative_to_grasp_site_m": [
        0.0,
        0.0,
        0.0
      ],
      "parcel_axes_world": [
        [
          1.0,
          0.0,
          0.0
        ],
        [
          0.0,
          1.0,
          0.0
        ],
        [
          0.0,
          0.0,
          1.0
        ]
      ],
      "parcel_face_normals_world": [
        [
          1.0,
          0.0,
          0.0
        ],
        [
          0.0,
          1.0,
          0.0
        ],
        [
          0.0,
          0.0,
          1.0
        ]
      ],
      "parcel_widths_m": [
        0.12,
        0.1,
        0.14
      ]
    },
    {
      "aperture_joint_m": 0.038,
      "finger_joint_positions_m": [
        0.038,
        0.038
      ],
      "left": {
        "geom_id": 72,
        "geom_name": "mjtObj.mjOBJ_GEOM:72",
        "body_name": "left_finger",
        "type": 6,
        "size_m": [
          0.003,
          0.002,
          0.0035
        ],
        "contype": 1,
        "conaffinity": 1,
        "friction": [
          1.0,
          0.005,
          0.0001
        ],
        "distance_m": -0.012863481897589348,
        "closest_points_world_m": {
          "finger": [
            0.3978145570882566,
            -0.03713651810241065,
            0.5541870230893418
          ],
          "parcel": [
            0.3978145570882566,
            -0.049999999999999996,
            0.5541870230893419
          ]
        },
        "world_position_m": [
          0.3949960784365392,
          -0.03938511279461584,
          0.554425118327437
        ],
        "world_axes": [
          [
            0.9963557953509633,
            0.08529436716775464,
            1.7978242070291556e-16
          ],
          [
            0.08529436716775464,
            -0.9963557953509633,
            4.723160047020891e-17
          ],
          [
            1.8315584624200177e-16,
            -3.1725051050451746e-17,
            -0.9999999999999992
          ]
        ],
        "candidate_contact_normal_axis": 1,
        "candidate_contact_normal_world": [
          0.08529436716775464,
          -0.9963557953509633,
          -3.1725051050451746e-17
        ]
      },
      "right": {
        "geom_id": 78,
        "geom_name": "mjtObj.mjOBJ_GEOM:78",
        "body_name": "right_finger",
        "type": 6,
        "size_m": [
          0.003,
          0.002,
          0.003
        ],
        "contype": 1,
        "conaffinity": 1,
        "friction": [
          1.0,
          0.005,
          0.0001
        ],
        "distance_m": -0.012863481897589277,
        "closest_points_world_m": {
          "finger": [
            0.3743941366625409,
            0.037136518102410726,
            0.546925118327437
          ],
          "parcel": [
            0.37439413666254084,
            0.05,
            0.546925118327437
          ]
        },
        "world_position_m": [
          0.37721261531425826,
          0.03938511279461592,
          0.5439251183274371
        ],
        "world_axes": [
          [
            -0.9963557953509633,
            -0.08529436716775464,
            1.7978242070291556e-16
          ],
          [
            -0.08529436716775464,
            0.9963557953509633,
            4.723160047020891e-17
          ],
          [
            -1.8315584624200177e-16,
            3.1725051050451746e-17,
            -0.9999999999999992
          ]
        ],
        "candidate_contact_normal_axis": 1,
        "candidate_contact_normal_world": [
          -0.08529436716775464,
          0.9963557953509633,
          3.1725051050451746e-17
        ]
      },
      "fingertip_separation_m": 0.08143248737451159,
      "finger_symmetry_m": 7.112366251504909e-17,
      "parcel_center_world_m": [
        0.38610434687539874,
        1.0234567018437912e-17,
        0.5494251183274371
      ],
      "grasp_site_world_m": [
        0.38610434687539874,
        1.0234567018437912e-17,
        0.5494251183274371
      ],
      "parcel_relative_to_grasp_site_m": [
        0.0,
        0.0,
        0.0
      ],
      "parcel_axes_world": [
        [
          1.0,
          0.0,
          0.0
        ],
        [
          0.0,
          1.0,
          0.0
        ],
        [
          0.0,
          0.0,
          1.0
        ]
      ],
      "parcel_face_normals_world": [
        [
          1.0,
          0.0,
          0.0
        ],
        [
          0.0,
          1.0,
          0.0
        ],
        [
          0.0,
          0.0,
          1.0
        ]
      ],
      "parcel_widths_m": [
        0.12,
        0.1,
        0.14
      ]
    },
    {
      "aperture_joint_m": 0.037,
      "finger_joint_positions_m": [
        0.037,
        0.037
      ],
      "left": {
        "geom_id": 70,
        "geom_name": "mjtObj.mjOBJ_GEOM:70",
        "body_name": "left_finger",
        "type": 6,
        "size_m": [
          0.003,
          0.002,
          0.003
        ],
        "contype": 1,
        "conaffinity": 1,
        "friction": [
          1.0,
          0.005,
          0.0001
        ],
        "distance_m": -0.013859837692940311,
        "closest_points_world_m": {
          "finger": [
            0.3977292627210888,
            -0.03614016230705969,
            0.5441511457246974
          ],
          "parcel": [
            0.3977292627210888,
            -0.05,
            0.5441511457246974
          ]
        },
        "world_position_m": [
          0.39491078406937147,
          -0.038388756999264875,
          0.5439251183274371
        ],
        "world_axes": [
          [
            0.9963557953509633,
            0.08529436716775464,
            1.7978242070291556e-16
          ],
          [
            0.08529436716775464,
            -0.9963557953509633,
            4.723160047020891e-17
          ],
          [
            1.8315584624200177e-16,
            -3.1725051050451746e-17,
            -0.9999999999999992
          ]
        ],
        "candidate_contact_normal_axis": 1,
        "candidate_contact_normal_world": [
          0.08529436716775464,
          -0.9963557953509633,
          -3.1725051050451746e-17
        ]
      },
      "right": {
        "geom_id": 78,
        "geom_name": "mjtObj.mjOBJ_GEOM:78",
        "body_name": "right_finger",
        "type": 6,
        "size_m": [
          0.003,
          0.002,
          0.003
        ],
        "contype": 1,
        "conaffinity": 1,
        "friction": [
          1.0,
          0.005,
          0.0001
        ],
        "distance_m": -0.013859837692940241,
        "closest_points_world_m": {
          "finger": [
            0.37447943102970865,
            0.03614016230705977,
            0.5475852170323674
          ],
          "parcel": [
            0.37447943102970865,
            0.05000000000000001,
            0.5475852170323674
          ]
        },
        "world_position_m": [
          0.377297909681426,
          0.03838875699926496,
          0.5439251183274371
        ],
        "world_axes": [
          [
            -0.9963557953509633,
            -0.08529436716775464,
            1.7978242070291556e-16
          ],
          [
            -0.08529436716775464,
            0.9963557953509633,
            4.723160047020891e-17
          ],
          [
            -1.8315584624200177e-16,
            3.1725051050451746e-17,
            -0.9999999999999992
          ]
        ],
        "candidate_contact_normal_axis": 1,
        "candidate_contact_normal_world": [
          -0.08529436716775464,
          0.9963557953509633,
          3.1725051050451746e-17
        ]
      },
      "fingertip_separation_m": 0.07877182237323185,
      "finger_symmetry_m": 6.938893903907228e-17,
      "parcel_center_world_m": [
        0.38610434687539874,
        1.0234567018437912e-17,
        0.5494251183274371
      ],
      "grasp_site_world_m": [
        0.38610434687539874,
        1.0234567018437912e-17,
        0.5494251183274371
      ],
      "parcel_relative_to_grasp_site_m": [
        0.0,
        0.0,
        0.0
      ],
      "parcel_axes_world": [
        [
          1.0,
          0.0,
          0.0
        ],
        [
          0.0,
          1.0,
          0.0
        ],
        [
          0.0,
          0.0,
          1.0
        ]
      ],
      "parcel_face_normals_world": [
        [
          1.0,
          0.0,
          0.0
        ],
        [
          0.0,
          1.0,
          0.0
        ],
        [
          0.0,
          0.0,
          1.0
        ]
      ],
      "parcel_widths_m": [
        0.12,
        0.1,
        0.14
      ]
    },
    {
      "aperture_joint_m": 0.036000000000000004,
      "finger_joint_positions_m": [
        0.036000000000000004,
        0.036000000000000004
      ],
      "left": {
        "geom_id": 70,
        "geom_name": "mjtObj.mjOBJ_GEOM:70",
        "body_name": "left_finger",
        "type": 6,
        "size_m": [
          0.003,
          0.002,
          0.003
        ],
        "contype": 1,
        "conaffinity": 1,
        "friction": [
          1.0,
          0.005,
          0.0001
        ],
        "distance_m": -0.014856193488291265,
        "closest_points_world_m": {
          "finger": [
            0.39764396835392113,
            -0.03514380651170874,
            0.5441511457246975
          ],
          "parcel": [
            0.39764396835392113,
            -0.049999999999999996,
            0.5441511457246975
          ]
        },
        "world_position_m": [
          0.3948254897022037,
          -0.03739240120391392,
          0.5439251183274371
        ],
        "world_axes": [
          [
            0.9963557953509633,
            0.08529436716775464,
            1.7978242070291556e-16
          ],
          [
            0.08529436716775464,
            -0.9963557953509633,
            4.723160047020891e-17
          ],
          [
            1.8315584624200177e-16,
            -3.1725051050451746e-17,
            -0.9999999999999992
          ]
        ],
        "candidate_contact_normal_axis": 1,
        "candidate_contact_normal_world": [
          0.08529436716775464,
          -0.9963557953509633,
          -3.1725051050451746e-17
        ]
      },
      "right": {
        "geom_id": 78,
        "geom_name": "mjtObj.mjOBJ_GEOM:78",
        "body_name": "right_finger",
        "type": 6,
        "size_m": [
          0.003,
          0.002,
          0.003
        ],
        "contype": 1,
        "conaffinity": 1,
        "friction": [
          1.0,
          0.005,
          0.0001
        ],
        "distance_m": -0.014856193488291201,
        "closest_points_world_m": {
          "finger": [
            0.37456472539687635,
            0.03514380651170881,
            0.5469251183274371
          ],
          "parcel": [
            0.37456472539687635,
            0.05,
            0.5469251183274371
          ]
        },
        "world_position_m": [
          0.37738320404859377,
          0.037392401203913996,
          0.5439251183274371
        ],
        "world_axes": [
          [
            -0.9963557953509633,
            -0.08529436716775464,
            1.7978242070291556e-16
          ],
          [
            -0.08529436716775464,
            0.9963557953509633,
            4.723160047020891e-17
          ],
          [
            -1.8315584624200177e-16,
            3.1725051050451746e-17,
            -0.9999999999999992
          ]
        ],
        "candidate_contact_normal_axis": 1,
        "candidate_contact_normal_world": [
          -0.08529436716775464,
          0.9963557953509633,
          3.1725051050451746e-17
        ]
      },
      "fingertip_separation_m": 0.07679192665899191,
      "finger_symmetry_m": 6.418476861114186e-17,
      "parcel_center_world_m": [
        0.38610434687539874,
        1.0234567018437912e-17,
        0.5494251183274371
      ],
      "grasp_site_world_m": [
        0.38610434687539874,
        1.0234567018437912e-17,
        0.5494251183274371
      ],
      "parcel_relative_to_grasp_site_m": [
        0.0,
        0.0,
        0.0
      ],
      "parcel_axes_world": [
        [
          1.0,
          0.0,
          0.0
        ],
        [
          0.0,
          1.0,
          0.0
        ],
        [
          0.0,
          0.0,
          1.0
        ]
      ],
      "parcel_face_normals_world": [
        [
          1.0,
          0.0,
          0.0
        ],
        [
          0.0,
          1.0,
          0.0
        ],
        [
          0.0,
          0.0,
          1.0
        ]
      ],
      "parcel_widths_m": [
        0.12,
        0.1,
        0.14
      ]
    },
    {
      "aperture_joint_m": 0.035,
      "finger_joint_positions_m": [
        0.035,
        0.035
      ],
      "left": {
        "geom_id": 70,
        "geom_name": "mjtObj.mjOBJ_GEOM:70",
        "body_name": "left_finger",
        "type": 6,
        "size_m": [
          0.003,
          0.002,
          0.003
        ],
        "contype": 1,
        "conaffinity": 1,
        "friction": [
          1.0,
          0.005,
          0.0001
        ],
        "distance_m": -0.015852549283642228,
        "closest_points_world_m": {
          "finger": [
            0.3975586739867534,
            -0.034147450716357775,
            0.5441511457246974
          ],
          "parcel": [
            0.3975586739867533,
            -0.049999999999999996,
            0.5441511457246975
          ]
        },
        "world_position_m": [
          0.39474019533503596,
          -0.036396045408562956,
          0.5439251183274371
        ],
        "world_axes": [
          [
            0.9963557953509633,
            0.08529436716775464,
            1.7978242070291556e-16
          ],
          [
            0.08529436716775464,
            -0.9963557953509633,
            4.723160047020891e-17
          ],
          [
            1.8315584624200177e-16,
            -3.1725051050451746e-17,
            -0.9999999999999992
          ]
        ],
        "candidate_contact_normal_axis": 1,
        "candidate_contact_normal_world": [
          0.08529436716775464,
          -0.9963557953509633,
          -3.1725051050451746e-17
        ]
      },
      "right": {
        "geom_id": 78,
        "geom_name": "mjtObj.mjOBJ_GEOM:78",
        "body_name": "right_finger",
        "type": 6,
        "size_m": [
          0.003,
          0.002,
          0.003
        ],
        "contype": 1,
        "conaffinity": 1,
        "friction": [
          1.0,
          0.005,
          0.0001
        ],
        "distance_m": -0.015852549283642166,
        "closest_points_world_m": {
          "finger": [
            0.3746500197640442,
            0.034147450716357844,
            0.5475770381204472
          ],
          "parcel": [
            0.3746500197640442,
            0.05000000000000002,
            0.5475770381204472
          ]
        },
        "world_position_m": [
          0.3774684984157615,
          0.03639604540856303,
          0.5439251183274371
        ],
        "world_axes": [
          [
            -0.9963557953509633,
            -0.08529436716775464,
            1.7978242070291556e-16
          ],
          [
            -0.08529436716775464,
            0.9963557953509633,
            4.723160047020891e-17
          ],
          [
            -1.8315584624200177e-16,
            3.1725051050451746e-17,
            -0.9999999999999992
          ]
        ],
        "candidate_contact_normal_axis": 1,
        "candidate_contact_normal_world": [
          -0.08529436716775464,
          0.9963557953509633,
          3.1725051050451746e-17
        ]
      },
      "fingertip_separation_m": 0.07481310045707229,
      "finger_symmetry_m": 6.245004513516506e-17,
      "parcel_center_world_m": [
        0.38610434687539874,
        1.0234567018437912e-17,
        0.5494251183274371
      ],
      "grasp_site_world_m": [
        0.38610434687539874,
        1.0234567018437912e-17,
        0.5494251183274371
      ],
      "parcel_relative_to_grasp_site_m": [
        0.0,
        0.0,
        0.0
      ],
      "parcel_axes_world": [
        [
          1.0,
          0.0,
          0.0
        ],
        [
          0.0,
          1.0,
          0.0
        ],
        [
          0.0,
          0.0,
          1.0
        ]
      ],
      "parcel_face_normals_world": [
        [
          1.0,
          0.0,
          0.0
        ],
        [
          0.0,
          1.0,
          0.0
        ],
        [
          0.0,
          0.0,
          1.0
        ]
      ],
      "parcel_widths_m": [
        0.12,
        0.1,
        0.14
      ]
    },
    {
      "aperture_joint_m": 0.034,
      "finger_joint_positions_m": [
        0.034,
        0.034
      ],
      "left": {
        "geom_id": 70,
        "geom_name": "mjtObj.mjOBJ_GEOM:70",
        "body_name": "left_finger",
        "type": 6,
        "size_m": [
          0.003,
          0.002,
          0.003
        ],
        "contype": 1,
        "conaffinity": 1,
        "friction": [
          1.0,
          0.005,
          0.0001
        ],
        "distance_m": -0.016848905078993195,
        "closest_points_world_m": {
          "finger": [
            0.3974733796195856,
            -0.033151094921006805,
            0.5441511457246974
          ],
          "parcel": [
            0.39747337961958557,
            -0.05,
            0.5441511457246975
          ]
        },
        "world_position_m": [
          0.3946549009678682,
          -0.03539968961321199,
          0.5439251183274371
        ],
        "world_axes": [
          [
            0.9963557953509633,
            0.08529436716775464,
            1.7978242070291556e-16
          ],
          [
            0.08529436716775464,
            -0.9963557953509633,
            4.723160047020891e-17
          ],
          [
            1.8315584624200177e-16,
            -3.1725051050451746e-17,
            -0.9999999999999992
          ]
        ],
        "candidate_contact_normal_axis": 1,
        "candidate_contact_normal_world": [
          0.08529436716775464,
          -0.9963557953509633,
          -3.1725051050451746e-17
        ]
      },
      "right": {
        "geom_id": 78,
        "geom_name": "mjtObj.mjOBJ_GEOM:78",
        "body_name": "right_finger",
        "type": 6,
        "size_m": [
          0.003,
          0.002,
          0.003
        ],
        "contype": 1,
        "conaffinity": 1,
        "friction": [
          1.0,
          0.005,
          0.0001
        ],
        "distance_m": -0.01684890507899313,
        "closest_points_world_m": {
          "finger": [
            0.3747353141312119,
            0.03315109492100688,
            0.5475729486644871
          ],
          "parcel": [
            0.3747353141312119,
            0.05000000000000001,
            0.5475729486644871
          ]
        },
        "world_position_m": [
          0.3775537927829293,
          0.03539968961321207,
          0.5439251183274371
        ],
        "world_axes": [
          [
            -0.9963557953509633,
            -0.08529436716775464,
            1.7978242070291556e-16
          ],
          [
            -0.08529436716775464,
            0.9963557953509633,
            4.723160047020891e-17
          ],
          [
            -1.8315584624200177e-16,
            3.1725051050451746e-17,
            -0.9999999999999992
          ]
        ],
        "candidate_contact_normal_axis": 1,
        "candidate_contact_normal_world": [
          -0.08529436716775464,
          0.9963557953509633,
          3.1725051050451746e-17
        ]
      },
      "fingertip_separation_m": 0.07283543093852053,
      "finger_symmetry_m": 6.591949208711867e-17,
      "parcel_center_world_m": [
        0.38610434687539874,
        1.0234567018437912e-17,
        0.5494251183274371
      ],
      "grasp_site_world_m": [
        0.38610434687539874,
        1.0234567018437912e-17,
        0.5494251183274371
      ],
      "parcel_relative_to_grasp_site_m": [
        0.0,
        0.0,
        0.0
      ],
      "parcel_axes_world": [
        [
          1.0,
          0.0,
          0.0
        ],
        [
          0.0,
          1.0,
          0.0
        ],
        [
          0.0,
          0.0,
          1.0
        ]
      ],
      "parcel_face_normals_world": [
        [
          1.0,
          0.0,
          0.0
        ],
        [
          0.0,
          1.0,
          0.0
        ],
        [
          0.0,
          0.0,
          1.0
        ]
      ],
      "parcel_widths_m": [
        0.12,
        0.1,
        0.14
      ]
    },
    {
      "aperture_joint_m": 0.033,
      "finger_joint_positions_m": [
        0.033,
        0.033
      ],
      "left": {
        "geom_id": 70,
        "geom_name": "mjtObj.mjOBJ_GEOM:70",
        "body_name": "left_finger",
        "type": 6,
        "size_m": [
          0.003,
          0.002,
          0.003
        ],
        "contype": 1,
        "conaffinity": 1,
        "friction": [
          1.0,
          0.005,
          0.0001
        ],
        "distance_m": -0.017845260874344154,
        "closest_points_world_m": {
          "finger": [
            0.3973880852524178,
            -0.03215473912565584,
            0.5441511457246974
          ],
          "parcel": [
            0.3973880852524178,
            -0.049999999999999996,
            0.5441511457246974
          ]
        },
        "world_position_m": [
          0.39456960660070045,
          -0.03440333381786103,
          0.5439251183274371
        ],
        "world_axes": [
          [
            0.9963557953509633,
            0.08529436716775464,
            1.7978242070291556e-16
          ],
          [
            0.08529436716775464,
            -0.9963557953509633,
            4.723160047020891e-17
          ],
          [
            1.8315584624200177e-16,
            -3.1725051050451746e-17,
            -0.9999999999999992
          ]
        ],
        "candidate_contact_normal_axis": 1,
        "candidate_contact_normal_world": [
          0.08529436716775464,
          -0.9963557953509633,
          -3.1725051050451746e-17
        ]
      },
      "right": {
        "geom_id": 78,
        "geom_name": "mjtObj.mjOBJ_GEOM:78",
        "body_name": "right_finger",
        "type": 6,
        "size_m": [
          0.003,
          0.002,
          0.003
        ],
        "contype": 1,
        "conaffinity": 1,
        "friction": [
          1.0,
          0.005,
          0.0001
        ],
        "distance_m": -0.0178452608743441,
        "closest_points_world_m": {
          "finger": [
            0.37482060849837967,
            0.03215473912565591,
            0.547568859208527
          ],
          "parcel": [
            0.37482060849837967,
            0.05000000000000002,
            0.547568859208527
          ]
        },
        "world_position_m": [
          0.37763908715009703,
          0.0344033338178611,
          0.5439251183274371
        ],
        "world_axes": [
          [
            -0.9963557953509633,
            -0.08529436716775464,
            1.7978242070291556e-16
          ],
          [
            -0.08529436716775464,
            0.9963557953509633,
            4.723160047020891e-17
          ],
          [
            -1.8315584624200177e-16,
            3.1725051050451746e-17,
            -0.9999999999999992
          ]
        ],
        "candidate_contact_normal_axis": 1,
        "candidate_contact_normal_world": [
          -0.08529436716775464,
          0.9963557953509633,
          3.1725051050451746e-17
        ]
      },
      "fingertip_separation_m": 0.07085901495222745,
      "finger_symmetry_m": 5.551115123125783e-17,
      "parcel_center_world_m": [
        0.38610434687539874,
        1.0234567018437912e-17,
        0.5494251183274371
      ],
      "grasp_site_world_m": [
        0.38610434687539874,
        1.0234567018437912e-17,
        0.5494251183274371
      ],
      "parcel_relative_to_grasp_site_m": [
        0.0,
        0.0,
        0.0
      ],
      "parcel_axes_world": [
        [
          1.0,
          0.0,
          0.0
        ],
        [
          0.0,
          1.0,
          0.0
        ],
        [
          0.0,
          0.0,
          1.0
        ]
      ],
      "parcel_face_normals_world": [
        [
          1.0,
          0.0,
          0.0
        ],
        [
          0.0,
          1.0,
          0.0
        ],
        [
          0.0,
          0.0,
          1.0
        ]
      ],
      "parcel_widths_m": [
        0.12,
        0.1,
        0.14
      ]
    },
    {
      "aperture_joint_m": 0.032,
      "finger_joint_positions_m": [
        0.032,
        0.032
      ],
      "left": {
        "geom_id": 70,
        "geom_name": "mjtObj.mjOBJ_GEOM:70",
        "body_name": "left_finger",
        "type": 6,
        "size_m": [
          0.003,
          0.002,
          0.003
        ],
        "contype": 1,
        "conaffinity": 1,
        "friction": [
          1.0,
          0.005,
          0.0001
        ],
        "distance_m": -0.018841616669695117,
        "closest_points_world_m": {
          "finger": [
            0.39730279088525006,
            -0.03115838333030488,
            0.5441511457246974
          ],
          "parcel": [
            0.39730279088525006,
            -0.049999999999999996,
            0.5441511457246974
          ]
        },
        "world_position_m": [
          0.3944843122335327,
          -0.03340697802251007,
          0.5439251183274371
        ],
        "world_axes": [
          [
            0.9963557953509633,
            0.08529436716775464,
            1.7978242070291556e-16
          ],
          [
            0.08529436716775464,
            -0.9963557953509633,
            4.723160047020891e-17
          ],
          [
            1.8315584624200177e-16,
            -3.1725051050451746e-17,
            -0.9999999999999992
          ]
        ],
        "candidate_contact_normal_axis": 1,
        "candidate_contact_normal_world": [
          0.08529436716775464,
          -0.9963557953509633,
          -3.1725051050451746e-17
        ]
      },
      "right": {
        "geom_id": 80,
        "geom_name": "mjtObj.mjOBJ_GEOM:80",
        "body_name": "right_finger",
        "type": 6,
        "size_m": [
          0.003,
          0.002,
          0.0035
        ],
        "contype": 1,
        "conaffinity": 1,
        "friction": [
          1.0,
          0.005,
          0.0001
        ],
        "distance_m": -0.018841616669695065,
        "closest_points_world_m": {
          "finger": [
            0.37490590286554754,
            0.031158383330304955,
            0.5579251183274371
          ],
          "parcel": [
            0.3749059028655475,
            0.05000000000000002,
            0.5579251183274371
          ]
        },
        "world_position_m": [
          0.3777243815172648,
          0.033406978022510136,
          0.554425118327437
        ],
        "world_axes": [
          [
            -0.9963557953509633,
            -0.08529436716775464,
            1.7978242070291556e-16
          ],
          [
            -0.08529436716775464,
            0.9963557953509633,
            4.723160047020891e-17
          ],
          [
            -1.8315584624200177e-16,
            3.1725051050451746e-17,
            -0.9999999999999992
          ]
        ],
        "candidate_contact_normal_axis": 1,
        "candidate_contact_normal_world": [
          -0.08529436716775464,
          0.9963557953509633,
          3.1725051050451746e-17
        ]
      },
      "fingertip_separation_m": 0.06967962399439302,
      "finger_symmetry_m": 5.204170427930421e-17,
      "parcel_center_world_m": [
        0.38610434687539874,
        1.0234567018437912e-17,
        0.5494251183274371
      ],
      "grasp_site_world_m": [
        0.38610434687539874,
        1.0234567018437912e-17,
        0.5494251183274371
      ],
      "parcel_relative_to_grasp_site_m": [
        0.0,
        0.0,
        0.0
      ],
      "parcel_axes_world": [
        [
          1.0,
          0.0,
          0.0
        ],
        [
          0.0,
          1.0,
          0.0
        ],
        [
          0.0,
          0.0,
          1.0
        ]
      ],
      "parcel_face_normals_world": [
        [
          1.0,
          0.0,
          0.0
        ],
        [
          0.0,
          1.0,
          0.0
        ],
        [
          0.0,
          0.0,
          1.0
        ]
      ],
      "parcel_widths_m": [
        0.12,
        0.1,
        0.14
      ]
    },
    {
      "aperture_joint_m": 0.031,
      "finger_joint_positions_m": [
        0.031,
        0.031
      ],
      "left": {
        "geom_id": 70,
        "geom_name": "mjtObj.mjOBJ_GEOM:70",
        "body_name": "left_finger",
        "type": 6,
        "size_m": [
          0.003,
          0.002,
          0.003
        ],
        "contype": 1,
        "conaffinity": 1,
        "friction": [
          1.0,
          0.005,
          0.0001
        ],
        "distance_m": -0.019837972465046084,
        "closest_points_world_m": {
          "finger": [
            0.39721749651808225,
            -0.030162027534953912,
            0.5441511457246974
          ],
          "parcel": [
            0.39721749651808225,
            -0.04999999999999999,
            0.5441511457246974
          ]
        },
        "world_position_m": [
          0.39439901786636494,
          -0.032410622227159104,
          0.5439251183274371
        ],
        "world_axes": [
          [
            0.9963557953509633,
            0.08529436716775464,
            1.7978242070291556e-16
          ],
          [
            0.08529436716775464,
            -0.9963557953509633,
            4.723160047020891e-17
          ],
          [
            1.8315584624200177e-16,
            -3.1725051050451746e-17,
            -0.9999999999999992
          ]
        ],
        "candidate_contact_normal_axis": 1,
        "candidate_contact_normal_world": [
          0.08529436716775464,
          -0.9963557953509633,
          -3.1725051050451746e-17
        ]
      },
      "right": {
        "geom_id": 78,
        "geom_name": "mjtObj.mjOBJ_GEOM:78",
        "body_name": "right_finger",
        "type": 6,
        "size_m": [
          0.003,
          0.002,
          0.003
        ],
        "contype": 1,
        "conaffinity": 1,
        "friction": [
          1.0,
          0.005,
          0.0001
        ],
        "distance_m": -0.01983797246504603,
        "closest_points_world_m": {
          "finger": [
            0.37499119723271523,
            0.03016202753495399,
            0.5475606802966069
          ],
          "parcel": [
            0.3749911972327152,
            0.05000000000000002,
            0.5475606802966069
          ]
        },
        "world_position_m": [
          0.37780967588443254,
          0.03241062222715917,
          0.5439251183274371
        ],
        "world_axes": [
          [
            -0.9963557953509633,
            -0.08529436716775464,
            1.7978242070291556e-16
          ],
          [
            -0.08529436716775464,
            0.9963557953509633,
            4.723160047020891e-17
          ],
          [
            -1.8315584624200177e-16,
            3.1725051050451746e-17,
            -0.9999999999999992
          ]
        ],
        "candidate_contact_normal_axis": 1,
        "candidate_contact_normal_world": [
          -0.08529436716775464,
          0.9963557953509633,
          3.1725051050451746e-17
        ]
      },
      "fingertip_separation_m": 0.06691038783328036,
      "finger_symmetry_m": 5.551115123125783e-17,
      "parcel_center_world_m": [
        0.38610434687539874,
        1.0234567018437912e-17,
        0.5494251183274371
      ],
      "grasp_site_world_m": [
        0.38610434687539874,
        1.0234567018437912e-17,
        0.5494251183274371
      ],
      "parcel_relative_to_grasp_site_m": [
        0.0,
